62,3
62,2
62,1
62,0
61,4
61,3
61,2
61,1
61,0
60,4
60,3
60,2
60,1
60,0
59,3
59,2
59,1
58,4
58,3
58,2
58,1
57,3
57,1
56,3
56,2
56,1
55,4
55,1
54,4
54,1
53,4
53,1
52,4
52,3
52,1
51,5
51,1
50,3
50,1
49,3
49,1
46,3
46,1
43,3
43,1
38,3
38,1
23,3
23,1
23,0
22,3
22,1
22,0
21,3
21,1
21,0
20,3
20,1
20,0
19,3
19,1
19,0
18,3
18,1
18,0
17,3
17,1
16,3
16,1
16,0
15,3
15,1
14,3
14,1
14,0
13,3
13,1
13,0
12,3
12,1
11,3
11,1
10,3
10,1
9,3
9,1
9,0
8,3
8,1
8,0
6,4
6,1
6,0
5,3
5,1
4,3
4,1
4,0
2,5
2,4
2,3
2,1
2,0
1,3
1,1
1,0
0,9
0,310
0,305
0,308
0,304
0,303
0,302
0,307
0,12
0,10
0,8
0,0
0,434
0,300
0,421
0,299
0,420
0,298
0,433
0,297
0,419
0,296
0,418
0,295
0,417
0,294
0,416
0,293
0,415
0,292
0,431
0,291
0,430
0,290
0,432
0,289
0,414
0,288
0,413
0,287
0,429
0,286
0,412
0,285
0,411
0,284
0,410
0,283
0,409
0,282
0,407
0,281
0,428
0,280
0,427
0,279
0,406
0,278
0,405
0,277
0,426
0,276
0,404
0,275
0,403
0,274
0,402
0,273
0,401
0,272
0,400
0,271
0,425
0,270
0,437
0,269
0,399
0,268
0,398
0,267
0,424
0,266
0,397
0,265
0,396
0,264
0,395
0,263
0,394
0,262
0,393
0,261
0,423
0,260
0,392
0,259
0,391
0,258
0,390
0,257
0,436
0,256
0,389
0,255
0,388
0,254
0,372
0,253
0,387
0,252
0,386
0,251
0,371
0,250
0,370
0,249
0,385
0,248
0,384
0,247
0,383
0,246
0,382
0,245
0,381
0,244
0,422
0,242
0,380
0,241
0,369
0,240
0,379
0,239
0,378
0,238
0,377
0,237
0,376
0,236
0,375
0,235
0,435
0,234
